267 10 2 louis
268 3 1 louis
266 10 2 louis
265 5 1 louis
264 7 1 louis
263 6 2 lwq
269 7 1 lwq
262 4 1 lwq
261 9 2 lwq
260 7 2 lwq
270 7 2 quincy umb
271 1 1 quincy umb
259 1 1 quincy umb
258 7 2 quincy umb
257 11 2 quincy umb
270 6 2 毛毛
271 1 1 毛毛
259 3 1 毛毛
258 2 1 毛毛
257 2 1 毛毛
272 12 2 刘晶晶
273 5 2 刘晶晶
256 8 2 刘晶晶
255 9 2 刘晶晶
254 10 2 刘晶晶
274 11 2 贾梦瑶
253 10 2 贾梦瑶
252 11 2 贾梦瑶
251 12 2 贾梦瑶
275 7 2 贾梦瑶
270 8 1 谢国军
271 10 2 谢国军
259 3 1 谢国军
258 3 1 谢国军
257 9 1 谢国军
276 2 1 yujia
250 3 2 yujia
249 11 2 yujia
248 4 1 yujia
277 9 1 yujia
274 2 2 d l
253 9 2 d l
252 7 2 d l
251 11 2 d l
275 7 2 d l
327 9 2 dldldl
323 11 2 dldldl
354 8 2 dldldl
165 7 2 dldldl
210 9 1 dldldl
314 3 2 毛琪
191 12 3 毛琪
150 12 3 毛琪
110 7 2 毛琪
226 11 3 毛琪
384 12 2 chen
244 8 1 chen
37 9 2 chen
245 7 2 chen
220 11 2 chen
220 9 1 金红
16 1 1 金红
161 3 1 金红
33 7 1 金红
93 10 2 金红
343 12 2 哈哈
180 12 2 哈哈
164 12 2 哈哈
312 11 2 哈哈
169 12 2 哈哈
320 9 1 entalent
69 10 1 entalent
82 9 3 entalent
347 11 3 entalent
98 10 1 entalent
36 7 2 Lizzzzzz
141 7 2 Lizzzzzz
237 8 2 Lizzzzzz
13 2 1 Lizzzzzz
278 9 2 Lizzzzzz
100 6 2 sy
10 6 1 sy
74 7 1 sy
386 5 2 sy
240 1 1 sy
392 9 2 汤圆
82 8 2 汤圆
57 10 2 汤圆
13 11 2 汤圆
286 11 2 汤圆
390 8 2 即墨
153 9 2 即墨
45 7 2 即墨
389 10 2 即墨
138 11 2 即墨
20 11 2 噫
61 10 2 噫
75 1 1 噫
108 11 2 噫
62 1 1 噫
173 12 2 采采
212 10 2 采采
48 2 1 采采
209 6 1 采采
160 11 2 采采
115 11 1 绿哥哥队友
339 5 1 绿哥哥队友
35 11 3 绿哥哥队友
236 1 1 绿哥哥队友
125 12 2 绿哥哥队友
44 10 2 Enihsuns
188 12 2 Enihsuns
70 7 2 Enihsuns
281 6 2 Enihsuns
365 5 1 Enihsuns
306 7 1 心岂
313 11 3 心岂
201 8 2 心岂
52 12 2 心岂
155 10 2 心岂
109 8 2 屌绿
19 7 1 屌绿
128 10 2 屌绿
119 7 2 屌绿
50 6 2 屌绿
73 9 1 louis.lang
282 7 2 louis.lang
391 2 1 louis.lang
182 11 2 louis.lang
17 9 2 louis.lang
242 2 2 1345661
118 7 2 1345661
92 8 1 1345661
374 8 1 1345661
87 9 2 1345661
247 8 2 zyk
246 11 2 zyk
245 9 2 zyk
244 7 2 zyk
278 7 2 zyk
69 12 2 ly
132 12 2 ly
68 1 1 ly
158 8 1 ly
28 9 1 ly
382 5 1 陈星佑
22 7 1 陈星佑
6 8 2 陈星佑
373 6 2 陈星佑
299 2 1 陈星佑
351 1 1 请输入昵称并提交
64 8 1 请输入昵称并提交
54 10 1 请输入昵称并提交
284 1 1 请输入昵称并提交
177 7 1 请输入昵称并提交
315 10 3 点点
107 12 3 点点
20 12 3 点点
395 12 3 点点
134 12 3 点点
49 3 2 毛啊毛
219 1 1 毛啊毛
238 3 1 毛啊毛
229 7 2 毛啊毛
371 6 1 毛啊毛
72 12 2 aeden
147 5 2 aeden
196 8 2 aeden
203 11 2 aeden
133 7 2 aeden
394 12 2 绿哥哥
26 12 2 绿哥哥
86 9 2 绿哥哥
114 12 2 绿哥哥
230 12 2 绿哥哥
120 7 2 新垣结衣的老公
156 3 2 新垣结衣的老公
163 7 3 新垣结衣的老公
171 8 2 新垣结衣的老公
154 9 1 新垣结衣的老公
145 12 2 甲基绿
308 1 2 甲基绿
76 7 2 甲基绿
196 8 2 甲基绿
178 10 2 甲基绿
375 6 2 ShYy
290 9 2 ShYy
358 5 2 ShYy
311 3 2 ShYy
381 12 2 ShYy
330 5 2 arxy
36 1 2 arxy
231 6 2 arxy
315 6 2 arxy
204 5 2 arxy
205 11 2 式姐的老公
39 6 1 式姐的老公
239 1 1 式姐的老公
21 11 2 式姐的老公
18 10 2 式姐的老公
23 11 2 小胡
71 7 1 小胡
371 8 2 小胡
334 9 1 小胡
4 7 1 小胡
95 9 1 Jack
143 8 2 Jack
341 6 2 Jack
30 5 2 Jack
280 12 3 Jack
178 7 2 熊猫
0 10 2 熊猫
64 9 2 熊猫
310 8 2 熊猫
49 11 2 熊猫
241 12 2 uu
222 11 1 uu
376 11 1 uu
1 7 2 uu
159 10 2 uu
88 1 1 destiny
342 2 1 destiny
27 8 2 destiny
322 2 1 destiny
187 9 2 destiny
90 8 2 强神早生贵子
40 8 2 强神早生贵子
293 7 1 强神早生贵子
127 12 1 强神早生贵子
380 11 1 强神早生贵子
